0000068505
0000106040
0001321655
0000040533
0000833444
0000702165
0000092230
0000896159
0001679788
0000882095
0001178670
0001018724
0000732717
0001035002
0000080424
0001707925
0000753308
0000766704
0000354950
0001543151
0001474735
0001944013
0000775158
0000036270
0001527166
0001095073
0001840856
0001474432
0001437578
0001513761
0001743881
0001232524
0000765880
0001675149
0000764622
0001600033
0001520006
0001415404
0001786842
0001653482
0001720592
0001038773
0001477449
0000700923
0001823794
0001275014
0001075415
0001636519
0000073756
0000310142
